m = 1000;
b = 50;
u = 500;
Ki = 40;
Kp = 800;
Kd = 200;